lb:ring
lb:gold
blendmode=colordodge
expand=2.5720000000000001
azimuth=67
elevation=10.460000000000001
medianradius=1
huerotate=0
desaturate=1.3999999999999999
light=1
